15.26	14.84	0.871	5.763	3.312	2.221	5.22	1
14.88	14.57	0.8811	5.554	3.333	1.018	4.956	1
14.29	14.09	0.905	5.291	3.337	2.699	4.825	1
13.84	13.94	0.8955	5.324	3.379	2.259	4.805	1
16.14	14.99	0.9034	5.658	3.562	1.355	5.175	1
14.38	14.21	0.8951	5.386	3.312	2.462	4.956	1
16.63	15.46	0.8747	6.053	3.465	2.04	5.877	1
16.44	15.25	0.888	5.884	3.505	1.969	5.533	1
15.26	14.85	0.8696	5.714	3.242	4.543	5.314	1
14.03	14.16	0.8796	5.438	3.201	1.717	5.001	1
13.89	14.02	0.888	5.439	3.199	3.986	4.738	1
13.78	14.06	0.8759	5.479	3.156	3.136	4.872	1
13.74	14.05	0.8744	5.482	3.114	2.932	4.825	1